1744479122163 0.9677503705024719 0
1744479122184 0.9740837216377258 1
1744479122205 0.9713190793991089 2
1744479122225 0.9750290513038635 3
1744479122245 0.9742156267166138 4
1744479122264 0.9727705121040344 5
1744479122285 0.970661997795105 6
1744479122306 0.9739816188812256 7
1744479122326 0.9740250706672668 8
1744479122345 0.9800765514373779 9
1744479122366 0.9781619906425476 10
1744479122387 0.974078357219696 11
1744479122407 0.9761003851890564 12
1744479122427 0.9775224924087524 13
1744479122447 0.975638747215271 14
1744479122467 0.9826311469078064 15
1744479122487 0.9718731045722961 16
1744479122507 0.9730817079544067 17
1744479122527 0.9807805418968201 18
1744479122547 0.9806901812553406 19
1744479122567 0.9828636646270752 20
1744479122587 0.9819525480270386 21
1744479122606 0.9819642901420593 22
