1744479122143 0.09063535183668137 0
1744479122179 0.0699511170387268 1
1744479122200 0.07155127823352814 2
1744479122220 0.06585373729467392 3
1744479122240 0.06580464541912079 4
1744479122259 0.06473938375711441 5
1744479122280 0.06763595342636108 6
1744479122301 0.06572090089321136 7
1744479122321 0.06264250725507736 8
1744479122340 0.0552678145468235 9
1744479122360 0.05651754513382912 10
1744479122382 0.06338559836149216 11
1744479122402 0.06056209281086922 12
1744479122421 0.05843131244182587 13
1744479122442 0.05897626280784607 14
1744479122462 0.049527209252119064 15
1744479122482 0.06224663183093071 16
1744479122502 0.05954717844724655 17
1744479122522 0.049581319093704224 18
1744479122542 0.04836353287100792 19
1744479122562 0.04342857375741005 20
1744479122582 0.04353103041648865 21
1744479122601 0.04513305053114891 22
