1744535910941 0.9431707262992859 0
1744535910984 0.9597100615501404 1
1744535911013 0.9602845907211304 2
1744535911048 0.9601565599441528 3
1744535911084 0.9603646993637085 4
1744535911116 0.9598571062088013 5
1744535911143 0.9630106091499329 6
1744535911167 0.9633252024650574 7
1744535911190 0.9633461833000183 8
1744535911214 0.9630335569381714 9
1744535911240 0.9638977646827698 10
1744535911267 0.9641239643096924 11
1744535911296 0.964012086391449 12
1744535911322 0.9642436504364014 13
1744535911347 0.964417576789856 14
1744535911379 0.9643139839172363 15
1744535911407 0.96446692943573 16
1744535911444 0.9651058912277222 17
1744535911471 0.9650511741638184 18
1744535911497 0.9653003215789795 19
1744535911524 0.9653457999229431 20
1744535911555 0.9653687477111816 21
1744535911582 0.9654620289802551 22
1744535911607 0.9655162692070007 23
1744535911635 0.9656383991241455 24
1744535911668 0.9656594395637512 25
1744535911696 0.965674102306366 26
1744535911721 0.9656789898872375 27
1744535911748 0.9656853079795837 28
1744535911772 0.9656911492347717 29
1744535911796 0.9656843543052673 30
1744535911821 0.9656975269317627 31
1744535911849 0.9657004475593567 32
1744535911872 0.9657014608383179 33
1744535911898 0.9657048583030701 34
1744535911922 0.9657043814659119 35
1744535911950 0.9657039046287537 36
1744535911978 0.9657043814659119 37
1744535912001 0.9657043814659119 38
1744535912033 0.9657039046287537 39
