1744535910931 0.31664180755615234 0
1744535910976 0.17107976973056793 1
1744535911006 0.15339964628219604 2
1744535911033 0.1525510549545288 3
1744535911076 0.15182580053806305 4
1744535911107 0.1494828164577484 5
1744535911137 0.1442902535200119 6
1744535911160 0.14335574209690094 7
1744535911183 0.14315135776996613 8
1744535911208 0.14354726672172546 9
1744535911232 0.14157402515411377 10
1744535911261 0.14104442298412323 11
1744535911287 0.14117060601711273 12
1744535911315 0.1401168256998062 13
1744535911340 0.13981255888938904 14
1744535911370 0.13944771885871887 15
1744535911398 0.1383398026227951 16
1744535911437 0.13797251880168915 17
1744535911463 0.13606125116348267 18
1744535911490 0.1366119682788849 19
1744535911518 0.13668206334114075 20
1744535911548 0.13629449903964996 21
1744535911574 0.13667039573192596 22
1744535911599 0.13646884262561798 23
1744535911628 0.13618387281894684 24
1744535911662 0.13612376153469086 25
1744535911689 0.13610199093818665 26
1744535911716 0.13608551025390625 27
1744535911742 0.13607023656368256 28
1744535911766 0.1360558718442917 29
1744535911791 0.13602900505065918 30
1744535911816 0.136011004447937 31
1744535911843 0.13600899279117584 32
1744535911867 0.13600686192512512 33
1744535911892 0.1360052227973938 34
1744535911917 0.136000856757164 35
1744535911944 0.13600009679794312 36
1744535911971 0.13600000739097595 37
1744535911995 0.13599979877471924 38
1744535912020 0.1359996646642685 39
