1744527017886 0.944807767868042 0
1744527017910 0.9561061263084412 1
1744527017932 0.959069550037384 2
1744527017952 0.9553874731063843 3
1744527017975 0.95438551902771 4
1744527017995 0.9625973105430603 5
1744527018016 0.9686272740364075 6
1744527018038 0.9757852554321289 7
1744527018058 0.9767364859580994 8
1744527018078 0.977361798286438 9
1744527018098 0.9786016941070557 10
1744527018119 0.981259286403656 11
1744527018139 0.9713205695152283 12
1744527018161 0.9742209911346436 13
1744527018184 0.9771687984466553 14
1744527018204 0.9803252220153809 15
1744527018227 0.9821088910102844 16
1744527018248 0.9746543169021606 17
1744527018268 0.974615752696991 18
1744527018291 0.9750940203666687 19
1744527018312 0.9768551588058472 20
1744527018333 0.9755766987800598 21
1744527018354 0.978903591632843 22
1744527018378 0.9678314328193665 23
1744527018403 0.9765034317970276 24
1744527018431 0.9711554646492004 25
1744527018459 0.9765121936798096 26
1744527018484 0.9765821099281311 27
1744527018505 0.976624608039856 28
1744527018524 0.9766455888748169 29
1744527018545 0.9766446352005005 30
1744527018565 0.9766533970832825 31
1744527018587 0.976658284664154 32
