1744527017869 0.31551769375801086 0
1744527017905 0.17992833256721497 1
1744527017926 0.1515539586544037 2
1744527017946 0.16654503345489502 3
1744527017970 0.16797961294651031 4
1744527017989 0.11245948076248169 5
1744527018011 0.08232718706130981 6
1744527018033 0.06923782080411911 7
1744527018052 0.06329710781574249 8
1744527018072 0.062108516693115234 9
1744527018093 0.06016197428107262 10
1744527018113 0.05633106827735901 11
1744527018135 0.06961898505687714 12
1744527018155 0.06739723682403564 13
1744527018178 0.06499412655830383 14
1744527018199 0.0616392120718956 15
1744527018222 0.05746845155954361 16
1744527018243 0.06289777159690857 17
1744527018264 0.06444115936756134 18
1744527018284 0.06308766454458237 19
1744527018306 0.06137511506676674 20
1744527018328 0.061276569962501526 21
1744527018348 0.05644078925251961 22
1744527018369 0.07063473016023636 23
1744527018397 0.061538297683000565 24
1744527018422 0.06603489071130753 25
1744527018453 0.06392106413841248 26
1744527018479 0.062218211591243744 27
1744527018499 0.06146914139389992 28
1744527018519 0.06108062341809273 29
1744527018540 0.060822274535894394 30
1744527018561 0.06062355637550354 31
1744527018581 0.06041241064667702 32
