1744478362568 0.967231035232544 0
1744478362600 0.9690136909484863 1
1744478362619 0.9749186038970947 2
1744478362640 0.9679492115974426 3
1744478362660 0.9749230146408081 4
1744478362681 0.9746850728988647 5
1744478362701 0.9721774458885193 6
1744478362721 0.9803692102432251 7
1744478362740 0.9790608882904053 8
1744478362759 0.9747974872589111 9
1744478362780 0.9771360754966736 10
1744478362801 0.9752811193466187 11
1744478362821 0.9762322902679443 12
1744478362841 0.9795728921890259 13
1744478362860 0.976428210735321 14
1744478362880 0.9820800423622131 15
1744478362900 0.9826570153236389 16
1744478362921 0.9834386706352234 17
1744478362942 0.9815680980682373 18
1744478362964 0.9851793050765991 19
1744478362984 0.985430896282196 20
1744478363005 0.9843937754631042 21
1744478363026 0.9787721633911133 22
1744478363047 0.9795421361923218 23
1744478363069 0.9740724563598633 24
1744478363088 0.9808533191680908 25
1744478363109 0.9780115485191345 26
1744478363129 0.9806496500968933 27
1744478363148 0.9818631410598755 28
1744478363169 0.9825729727745056 29
1744478363191 0.9836487174034119 30
1744478363211 0.9837005138397217 31
1744478363232 0.984700083732605 32
