1744478362561 0.08350630104541779 0
1744478362595 0.07596436887979507 1
1744478362614 0.0658608078956604 2
1744478362635 0.0724119320511818 3
1744478362654 0.06253546476364136 4
1744478362676 0.06333355605602264 5
1744478362696 0.06513559818267822 6
1744478362716 0.05521625652909279 7
1744478362735 0.05626476928591728 8
1744478362754 0.06045645475387573 9
1744478362774 0.05908158794045448 10
1744478362796 0.062380705028772354 11
1744478362816 0.059694528579711914 12
1744478362836 0.05527379736304283 13
1744478362855 0.05621445178985596 14
1744478362874 0.047688405960798264 15
1744478362895 0.04319402575492859 16
1744478362916 0.040668584406375885 17
1744478362935 0.04457640275359154 18
1744478362959 0.04005773365497589 19
1744478362979 0.039100389927625656 20
1744478363000 0.04086131975054741 21
1744478363021 0.04898619279265404 22
1744478363041 0.047568075358867645 23
1744478363063 0.05278827250003815 24
1744478363084 0.04461252689361572 25
1744478363104 0.04607846587896347 26
1744478363124 0.043214794248342514 27
1744478363144 0.04215218499302864 28
1744478363164 0.03953148424625397 29
1744478363186 0.03897630050778389 30
1744478363206 0.039604898542165756 31
1744478363227 0.03867693617939949 32
