1744527254672 0.9699546098709106 0
1744527254695 0.9757891893386841 1
1744527254715 0.9760290384292603 2
1744527254737 0.9768815636634827 3
1744527254757 0.9702125787734985 4
1744527254777 0.975466251373291 5
1744527254799 0.9765723347663879 6
1744527254819 0.9763578176498413 7
1744527254842 0.9775059223175049 8
1744527254861 0.9764633774757385 9
1744527254881 0.9785093665122986 10
1744527254902 0.982635498046875 11
1744527254923 0.9842232465744019 12
1744527254942 0.9844523668289185 13
1744527254962 0.9835314750671387 14
1744527254984 0.9840141534805298 15
1744527255004 0.984705924987793 16
1744527255024 0.9848368763923645 17
1744527255044 0.9862716794013977 18
1744527255066 0.9870357513427734 19
1744527255088 0.987449049949646 20
1744527255109 0.9876102805137634 21
1744527255130 0.9882277846336365 22
1744527255149 0.9881178736686707 23
1744527255170 0.98726487159729 24
1744527255191 0.9865452647209167 25
1744527255211 0.9873337745666504 26
1744527255233 0.9882746934890747 27
1744527255254 0.9883328080177307 28
1744527255275 0.9883455038070679 29
1744527255295 0.9883694648742676 30
1744527255316 0.9883650541305542 31
