1744527254663 0.08128077536821365 0
1744527254689 0.06511175632476807 1
1744527254710 0.06435365229845047 2
1744527254731 0.062323909252882004 3
1744527254752 0.07064492255449295 4
1744527254772 0.06267807632684708 5
1744527254793 0.06057604402303696 6
1744527254814 0.059991974383592606 7
1744527254836 0.054382890462875366 8
1744527254856 0.05477499961853027 9
1744527254877 0.04922957718372345 10
1744527254897 0.042540475726127625 11
1744527254918 0.040425386279821396 12
1744527254937 0.04040736332535744 13
1744527254958 0.04148908331990242 14
1744527254978 0.04007210582494736 15
1744527254999 0.03876817226409912 16
1744527255019 0.03895198926329613 17
1744527255040 0.03482776880264282 18
1744527255059 0.03377277031540871 19
1744527255083 0.03232715278863907 20
1744527255104 0.03144126757979393 21
1744527255125 0.03043491579592228 22
1744527255144 0.030272308737039566 23
1744527255165 0.03267357125878334 24
1744527255187 0.03337575122714043 25
1744527255206 0.032357215881347656 26
1744527255228 0.03063580021262169 27
1744527255249 0.030262961983680725 28
1744527255269 0.030063942074775696 29
1744527255290 0.029995186254382133 30
1744527255311 0.029898453503847122 31
