1744478133890 0.9520693421363831 0
1744478133912 0.9772352576255798 1
1744478133932 0.9757950305938721 2
1744478133951 0.9732874035835266 3
1744478133971 0.9691148400306702 4
1744478133990 0.9735516905784607 5
1744478134013 0.9744061231613159 6
1744478134032 0.9766250848770142 7
1744478134052 0.9806227684020996 8
1744478134072 0.9736244678497314 9
1744478134091 0.9685813188552856 10
1744478134112 0.9677264094352722 11
1744478134131 0.9701979160308838 12
1744478134150 0.9689618945121765 13
1744478134170 0.9689516425132751 14
1744478134190 0.9690254330635071 15
1744478134209 0.9690352082252502 16
1744478134228 0.9691084623336792 17
1744478134248 0.9691338539123535 18
