1744478133883 0.20322301983833313 0
1744478133908 0.09612690657377243 1
1744478133927 0.0772538036108017 2
1744478133946 0.07732199877500534 3
1744478133966 0.08426082134246826 4
1744478133986 0.07528568059206009 5
1744478134008 0.0678631067276001 6
1744478134027 0.06574080884456635 7
1744478134047 0.06710389256477356 8
1744478134067 0.07965733110904694 9
1744478134087 0.08233808726072311 10
1744478134105 0.08800053596496582 11
1744478134126 0.07959294319152832 12
1744478134146 0.08199621737003326 13
1744478134165 0.08158588409423828 14
1744478134185 0.08036572486162186 15
1744478134204 0.08219070732593536 16
1744478134224 0.08063574880361557 17
1744478134243 0.08011341840028763 18
