1744534875364 0.9650458097457886 0
1744534875385 0.9729132056236267 1
1744534875406 0.9761570692062378 2
1744534875427 0.9760549664497375 3
1744534875448 0.9726352095603943 4
1744534875468 0.9779245853424072 5
1744534875488 0.9718471765518188 6
1744534875509 0.9789963960647583 7
1744534875528 0.9819095730781555 8
1744534875548 0.9833258390426636 9
1744534875569 0.9835910797119141 10
1744534875590 0.984528124332428 11
1744534875612 0.9803882837295532 12
1744534875633 0.9799505472183228 13
1744534875652 0.9828309416770935 14
1744534875674 0.9831641316413879 15
1744534875697 0.9838236570358276 16
1744534875717 0.9847821593284607 17
1744534875739 0.9856385588645935 18
1744534875759 0.9860181212425232 19
1744534875780 0.9855149388313293 20
