1744534875331 0.09927330911159515 0
1744534875380 0.0731150358915329 1
1744534875401 0.0642375648021698 2
1744534875422 0.06414540112018585 3
1744534875442 0.06761514395475388 4
1744534875463 0.05958428233861923 5
1744534875482 0.0681559219956398 6
1744534875503 0.05341024324297905 7
1744534875524 0.04815348982810974 8
1744534875544 0.04390592500567436 9
1744534875565 0.042335253208875656 10
1744534875585 0.040851034224033356 11
1744534875607 0.04576170817017555 12
1744534875628 0.045460719615221024 13
1744534875647 0.0419374518096447 14
1744534875668 0.04142020270228386 15
1744534875691 0.04092506691813469 16
1744534875712 0.038110192865133286 17
1744534875733 0.03683985024690628 18
1744534875754 0.03596749156713486 19
1744534875774 0.03631684184074402 20
