1744533157548 0.9633325338363647 0
1744533157571 0.971126139163971 1
1744533157593 0.9700093269348145 2
1744533157615 0.9763744473457336 3
1744533157637 0.9742815494537354 4
1744533157658 0.9777135252952576 5
1744533157680 0.9770379066467285 6
1744533157701 0.9756485223770142 7
1744533157721 0.9767999649047852 8
1744533157744 0.9812856912612915 9
1744533157766 0.983191967010498 10
1744533157787 0.9835534691810608 11
1744533157808 0.9832735657691956 12
1744533157830 0.9833595156669617 13
1744533157851 0.983029305934906 14
1744533157872 0.9837166666984558 15
1744533157892 0.9839306473731995 16
1744533157910 0.9840512871742249 17
1744533157935 0.984002947807312 18
1744533157956 0.9847816228866577 19
