1744533157540 0.09001489728689194 0
1744533157566 0.07236097007989883 1
1744533157587 0.07457894831895828 2
1744533157610 0.06328481435775757 3
1744533157632 0.06683509051799774 4
1744533157653 0.060966961085796356 5
1744533157673 0.06044850870966911 6
1744533157695 0.06166587397456169 7
1744533157716 0.060311198234558105 8
1744533157739 0.048393722623586655 9
1744533157761 0.04471949115395546 10
1744533157781 0.04200129210948944 11
1744533157803 0.04220934212207794 12
1744533157825 0.0426669716835022 13
1744533157846 0.044205885380506516 14
1744533157867 0.04075278714299202 15
1744533157888 0.039264895021915436 16
1744533157907 0.038642723113298416 17
1744533157929 0.03900837525725365 18
1744533157950 0.0378093458712101 19
