1744530283635 0.9715335369110107 0
1744530283657 0.9725311398506165 1
1744530283679 0.9714480638504028 2
1744530283701 0.9712751507759094 3
1744530283722 0.9708481431007385 4
1744530283742 0.976157546043396 5
1744530283763 0.977828323841095 6
1744530283783 0.9803970456123352 7
1744530283804 0.9768654108047485 8
1744530283824 0.9739391207695007 9
1744530283845 0.9760690927505493 10
1744530283866 0.9769162535667419 11
1744530283886 0.9700176119804382 12
1744530283908 0.9719536900520325 13
1744530283928 0.9719727635383606 14
1744530283950 0.9726347327232361 15
1744530283970 0.9731521010398865 16
1744530283992 0.9735404849052429 17
