1744530283624 0.07692175358533859 0
1744530283652 0.07098867744207382 1
1744530283673 0.0713682547211647 2
1744530283695 0.06924308836460114 3
1744530283716 0.07088343799114227 4
1744530283737 0.06157638132572174 5
1744530283757 0.058431897312402725 6
1744530283778 0.05419289320707321 7
1744530283799 0.05920244753360748 8
1744530283819 0.061586711555719376 9
1744530283839 0.05944577232003212 10
1744530283860 0.057586465030908585 11
1744530283881 0.06240025535225868 12
1744530283902 0.05809594318270683 13
1744530283922 0.05551285669207573 14
1744530283944 0.053225040435791016 15
1744530283965 0.051937077194452286 16
1744530283986 0.05134999006986618 17
