1744552258076 0.9652954339981079 0
1744552258108 0.9691568613052368 1
1744552258141 0.9723255038261414 2
1744552258172 0.9729019403457642 3
1744552258206 0.9723484516143799 4
1744552258240 0.9744178652763367 5
1744552258268 0.9735414385795593 6
1744552258296 0.9792323708534241 7
1744552258324 0.9835383296012878 8
1744552258354 0.9829921722412109 9
1744552258384 0.9844538569450378 10
1744552258413 0.9837459325790405 11
1744552258442 0.9837889671325684 12
1744552258474 0.9843541979789734 13
1744552258503 0.9839946031570435 14
1744552258533 0.9837332367897034 15
1744552258564 0.984810471534729 16
1744552258593 0.9846145510673523 17
1744552258621 0.9849985837936401 18
1744552258653 0.9854558110237122 19
