1744552258067 0.09655455499887466 0
1744552258101 0.07400888949632645 1
1744552258133 0.06880069524049759 2
1744552258165 0.06477160006761551 3
1744552258197 0.06619077920913696 4
1744552258232 0.06443743407726288 5
1744552258261 0.0625859946012497 6
1744552258288 0.05291944742202759 7
1744552258316 0.04474245384335518 8
1744552258347 0.045613162219524384 9
1744552258376 0.04184138774871826 10
1744552258406 0.04266243427991867 11
1744552258433 0.0410156324505806 12
1744552258467 0.039436955004930496 13
1744552258496 0.03996933624148369 14
1744552258525 0.03939443826675415 15
1744552258556 0.03755715861916542 16
1744552258585 0.037463437765836716 17
1744552258614 0.03705175966024399 18
1744552258643 0.03616023808717728 19
