1744478958686 0.9616280198097229 0
1744478958710 0.9740446209907532 1
1744478958730 0.9710562825202942 2
1744478958750 0.9725658297538757 3
1744478958769 0.9732043743133545 4
1744478958790 0.9739503264427185 5
1744478958811 0.9746748208999634 6
1744478958830 0.9752439856529236 7
1744478958849 0.9726767539978027 8
1744478958869 0.9708251953125 9
1744478958887 0.9708989858627319 10
1744478958906 0.9695608615875244 11
1744478958927 0.9687293767929077 12
1744478958946 0.9694778323173523 13
1744478958966 0.9758004546165466 14
1744478958984 0.98114013671875 15
1744478959004 0.971635639667511 16
1744478959023 0.9690743088722229 17
1744478959042 0.9691026210784912 18
1744478959062 0.9694905281066895 19
1744478959082 0.9703679084777832 20
1744478959102 0.9708901643753052 21
1744478959122 0.9705804586410522 22
1744478959141 0.9707216024398804 23
1744478959162 0.970413327217102 24
1744478959182 0.9700924158096313 25
