1744478958680 0.10719780623912811 0
1744478958705 0.06857888400554657 1
1744478958725 0.07098282873630524 2
1744478958745 0.06936698406934738 3
1744478958764 0.06990773975849152 4
1744478958784 0.06585586071014404 5
1744478958806 0.06587813794612885 6
1744478958825 0.06426678597927094 7
1744478958844 0.07321641594171524 8
1744478958864 0.07700016349554062 9
1744478958883 0.07603656500577927 10
1744478958902 0.07815355062484741 11
1744478958922 0.08225395530462265 12
1744478958942 0.07993744313716888 13
1744478958960 0.06081816554069519 14
1744478958980 0.05260257050395012 15
1744478958999 0.07257527858018875 16
1744478959018 0.07618625462055206 17
1744478959037 0.0761033222079277 18
1744478959056 0.07557006925344467 19
1744478959077 0.0741836428642273 20
1744478959097 0.07270874828100204 21
1744478959117 0.07225990295410156 22
1744478959136 0.07207991182804108 23
1744478959157 0.07243890315294266 24
1744478959177 0.072538360953331 25
