1744536193807 0.9677283763885498 0
1744536193830 0.9714446663856506 1
1744536193851 0.9770154356956482 2
1744536193872 0.9720973372459412 3
1744536193893 0.9739400744438171 4
1744536193915 0.9706708192825317 5
1744536193940 0.9810438752174377 6
1744536193964 0.9781234264373779 7
1744536193990 0.9744974970817566 8
1744536194014 0.979438066482544 9
1744536194036 0.9799813032150269 10
1744536194057 0.976338803768158 11
1744536194079 0.9809662103652954 12
1744536194107 0.9840962290763855 13
1744536194131 0.9845075607299805 14
1744536194155 0.9854744076728821 15
1744536194179 0.9847880005836487 16
