1744536193799 0.08142713457345963 0
1744536193824 0.0692659318447113 1
1744536193846 0.061841730028390884 2
1744536193866 0.06817332655191422 3
1744536193888 0.06410688161849976 4
1744536193910 0.06515602767467499 5
1744536193933 0.05498487874865532 6
1744536193958 0.059030335396528244 7
1744536193984 0.06310653686523438 8
1744536194007 0.056516263633966446 9
1744536194030 0.05451617017388344 10
1744536194051 0.060803644359111786 11
1744536194074 0.04945885390043259 12
1744536194100 0.04392923042178154 13
1744536194125 0.04031413793563843 14
1744536194149 0.03854881227016449 15
1744536194172 0.03916291147470474 16
