1744554864491 0.9440378546714783 0
1744554864522 0.9615767598152161 1
1744554864553 0.9614018201828003 2
1744554864584 0.9629011750221252 3
1744554864616 0.9638254642486572 4
1744554864647 0.9638381600379944 5
1744554864663 0.9640628695487976 6
1744554864694 0.9639490842819214 7
1744554864726 0.9642436504364014 8
1744554864773 0.9645460247993469 9
1744554864804 0.9638357162475586 10
1744554864836 0.9632289409637451 11
1744554864867 0.9647512435913086 12
1744554864898 0.9646574258804321 13
1744554864914 0.9643384218215942 14
1744554864945 0.9650731682777405 15
1744554864977 0.9652515053749084 16
1744554865008 0.9653252363204956 17
1744554865040 0.9653745889663696 18
1744554865071 0.9655172824859619 19
1744554865087 0.9655260443687439 20
1744554865118 0.9655680656433105 21
1744554865134 0.9655758738517761 22
1744554865165 0.9655817151069641 23
1744554865196 0.9656047224998474 24
1744554865227 0.965600311756134 25
1744554865243 0.965618371963501 26
1744554865275 0.9656843543052673 27
1744554865306 0.9656965732574463 28
1744554865337 0.9657039046287537 29
1744554865369 0.9656935930252075 30
1744554865385 0.9657019376754761 31
1744554865416 0.9657004475593567 32
1744554865447 0.9657131433486938 33
1744554865478 0.9657155871391296 34
1744554865515 0.9657180309295654 35
1744554865542 0.9657190442085266 36
1744554865557 0.9657195210456848 37
1744554865589 0.9657204747200012 38
1744554865620 0.9657209515571594 39
1744554865636 0.9657214879989624 40
1744554865667 0.9657214879989624 41
