1744554864491 0.3111516237258911 0
1744554864522 0.1634456366300583 1
1744554864538 0.14773759245872498 2
1744554864584 0.14375697076320648 3
1744554864616 0.1415587216615677 4
1744554864632 0.14152468740940094 5
1744554864663 0.14086683094501495 6
1744554864694 0.14127062261104584 7
1744554864726 0.14037735760211945 8
1744554864757 0.13960996270179749 9
1744554864789 0.14169703423976898 10
1744554864836 0.1431315690279007 11
1744554864851 0.13899828493595123 12
1744554864883 0.13917526602745056 13
1744554864914 0.14004340767860413 14
1744554864930 0.1380028873682022 15
1744554864962 0.1336115598678589 16
1744554865008 0.1296740025281906 17
1744554865040 0.13168978691101074 18
1744554865056 0.13669854402542114 19
1744554865087 0.1366371214389801 20
1744554865118 0.13649803400039673 21
1744554865134 0.13646365702152252 22
1744554865149 0.13647305965423584 23
1744554865180 0.1363917738199234 24
1744554865212 0.13637478649616241 25
1744554865243 0.1363152116537094 26
1744554865274 0.13609924912452698 27
1744554865290 0.13607092201709747 28
1744554865322 0.13606461882591248 29
1744554865353 0.13607564568519592 30
1744554865385 0.13605022430419922 31
1744554865416 0.1360427439212799 32
1744554865447 0.13601812720298767 33
1744554865478 0.13601519167423248 34
1744554865511 0.1360137164592743 35
1744554865526 0.13601183891296387 36
1744554865557 0.13601094484329224 37
1744554865589 0.13600705564022064 38
1744554865605 0.1360069215297699 39
1744554865636 0.13600677251815796 40
1744554865652 0.13600687682628632 41
