1744532851246 0.9501977562904358 0
1744532851270 0.9613690972328186 1
1744532851294 0.9594452381134033 2
1744532851315 0.9603744745254517 3
1744532851342 0.9619074463844299 4
1744532851365 0.9621238708496094 5
1744532851392 0.961545467376709 6
1744532851415 0.9622313976287842 7
1744532851437 0.9625548124313354 8
1744532851467 0.9658612012863159 9
1744532851489 0.9662950038909912 10
1744532851512 0.9665524363517761 11
1744532851534 0.9666628837585449 12
1744532851556 0.9681270122528076 13
1744532851582 0.9719258546829224 14
1744532851603 0.9759308695793152 15
1744532851625 0.9676892757415771 16
1744532851649 0.9705002903938293 17
1744532851669 0.970767080783844 18
1744532851691 0.9748082160949707 19
1744532851713 0.9749552607536316 20
1744532851733 0.9726870059967041 21
1744532851757 0.9753578305244446 22
1744532851778 0.974959671497345 23
1744532851800 0.9750095009803772 24
1744532851820 0.9738882780075073 25
1744532851842 0.9754980206489563 26
1744532851861 0.975761353969574 27
1744532851883 0.9766651391983032 28
1744532851903 0.977177619934082 29
