1744532851239 0.3053853511810303 0
1744532851264 0.15267954766750336 1
1744532851288 0.15470127761363983 2
1744532851310 0.1523313969373703 3
1744532851331 0.1474754363298416 4
1744532851359 0.14709067344665527 5
1744532851386 0.1475856751203537 6
1744532851410 0.14309369027614594 7
1744532851432 0.14353393018245697 8
1744532851460 0.13535913825035095 9
1744532851484 0.13390658795833588 10
1744532851506 0.13352486491203308 11
1744532851528 0.13297051191329956 12
1744532851550 0.10793440043926239 13
1744532851574 0.07511957734823227 14
1744532851599 0.0722121149301529 15
1744532851619 0.08880745619535446 16
1744532851643 0.07732503861188889 17
1744532851664 0.08012963086366653 18
1744532851686 0.0671985074877739 19
1744532851708 0.06468986719846725 20
1744532851727 0.06910247355699539 21
1744532851751 0.06575658917427063 22
1744532851773 0.0691460371017456 23
1744532851795 0.0720890462398529 24
1744532851815 0.0774771049618721 25
1744532851836 0.07942616194486618 26
1744532851856 0.07817766070365906 27
1744532851878 0.06251896917819977 28
1744532851898 0.057962045073509216 29
