1744530133315 0.9465630650520325 0
1744530133342 0.9725741147994995 1
1744530133362 0.9704206585884094 2
1744530133383 0.96990966796875 3
1744530133404 0.9708788990974426 4
1744530133425 0.968708872795105 5
1744530133449 0.9673311710357666 6
1744530133470 0.9681030511856079 7
1744530133493 0.970189094543457 8
1744530133515 0.9801303148269653 9
1744530133536 0.9817859530448914 10
1744530133558 0.9821547865867615 11
1744530133578 0.9755385518074036 12
1744530133601 0.9688979387283325 13
1744530133621 0.9691627025604248 14
1744530133643 0.9753260612487793 15
1744530133664 0.9690000414848328 16
1744530133688 0.9692316055297852 17
1744530133710 0.9692785143852234 18
1744530133731 0.9693210124969482 19
1744530133753 0.9693161249160767 20
1744530133774 0.9693112373352051 21
