1744530133307 0.1751900166273117 0
1744530133337 0.08008958399295807 1
1744530133357 0.07346714287996292 2
1744530133378 0.06694687902927399 3
1744530133399 0.07701484858989716 4
1744530133420 0.08457930386066437 5
1744530133444 0.0879971981048584 6
1744530133465 0.08518458902835846 7
1744530133486 0.07416372001171112 8
1744530133510 0.055677566677331924 9
1744530133530 0.051759157329797745 10
1744530133551 0.050508223474025726 11
1744530133572 0.06427828967571259 12
1744530133595 0.07872570306062698 13
1744530133616 0.07718691229820251 14
1744530133638 0.06404417753219604 15
1744530133658 0.07807637006044388 16
1744530133683 0.07639015465974808 17
1744530133703 0.0761527344584465 18
1744530133726 0.07578601688146591 19
1744530133747 0.07557909190654755 20
1744530133767 0.07550951093435287 21
