1744477700403 0.9561466574668884 0
1744477700424 0.9658113718032837 1
1744477700445 0.971288800239563 2
1744477700464 0.9755644798278809 3
1744477700483 0.973976731300354 4
1744477700501 0.9747896194458008 5
1744477700524 0.9789075255393982 6
1744477700544 0.9723680019378662 7
1744477700564 0.9713806509971619 8
1744477700584 0.9705159664154053 9
1744477700603 0.9647824764251709 10
1744477700622 0.9715149998664856 11
1744477700641 0.9684504270553589 12
1744477700660 0.9687503576278687 13
1744477700679 0.9688056111335754 14
1744477700698 0.9689022898674011 15
1744477700718 0.968929648399353 16
