1744477700396 0.10788135230541229 0
1744477700419 0.08105579763650894 1
1744477700440 0.0712045207619667 2
1744477700459 0.06880918890237808 3
1744477700478 0.06795363873243332 4
1744477700497 0.06709149479866028 5
1744477700519 0.061704862862825394 6
1744477700539 0.07406159490346909 7
1744477700558 0.07571316510438919 8
1744477700578 0.07903065532445908 9
1744477700598 0.09420833736658096 10
1744477700617 0.07729724794626236 11
1744477700636 0.0819421336054802 12
1744477700655 0.07778103649616241 13
1744477700674 0.07844285666942596 14
1744477700694 0.07744579762220383 15
1744477700713 0.07908045500516891 16
