1744551950696 0.9530039429664612 0
1744551950716 0.9702697396278381 1
1744551950736 0.9706893563270569 2
1744551950756 0.9727339148521423 3
1744551950776 0.9688603281974792 4
1744551950795 0.9682237505912781 5
1744551950815 0.9693112373352051 6
1744551950835 0.9715116024017334 7
1744551950854 0.9690214991569519 8
1744551950875 0.9682686924934387 9
1744551950895 0.9673995971679688 10
1744551950916 0.9683952331542969 11
1744551950938 0.9684909582138062 12
1744551950952 0.9697504043579102 13
1744551950978 0.9687972664833069 14
1744551950998 0.9687606692314148 15
1744551951018 0.9709439277648926 16
1744551951037 0.9688588380813599 17
1744551951053 0.9683995842933655 18
1744551951077 0.9687215685844421 19
1744551951100 0.9692579507827759 20
1744551951121 0.9694182276725769 21
1744551951141 0.9698778986930847 22
1744551951159 0.9791581034660339 23
1744551951179 0.9756069779396057 24
1744551951197 0.9719498157501221 25
1744551951217 0.975122332572937 26
1744551951236 0.9764599204063416 27
1744551951257 0.9788752794265747 28
1744551951277 0.9828265309333801 29
1744551951296 0.9761067628860474 30
1744551951316 0.9786255955696106 31
1744551951331 0.9775571823120117 32
1744551951352 0.9785420894622803 33
1744551951375 0.9801957607269287 34
1744551951396 0.9806838035583496 35
1744551951416 0.9808738827705383 36
1744551951436 0.9806125164031982 37
1744551951455 0.9799138903617859 38
