1744551950690 0.19657155871391296 0
1744551950711 0.10304636508226395 1
1744551950731 0.07965974509716034 2
1744551950752 0.07215967774391174 3
1744551950771 0.08370281010866165 4
1744551950789 0.08844741433858871 5
1744551950810 0.08437526971101761 6
1744551950827 0.07670803368091583 7
1744551950849 0.08038713037967682 8
1744551950869 0.08671777695417404 9
1744551950889 0.08866868168115616 10
1744551950911 0.08448942005634308 11
1744551950933 0.08306073397397995 12
1744551950952 0.0811983048915863 13
1744551950972 0.08203259855508804 14
1744551950993 0.08303865045309067 15
1744551951013 0.07794969528913498 16
1744551951032 0.08286292850971222 17
1744551951053 0.08391224592924118 18
1744551951073 0.08077271282672882 19
1744551951096 0.07909625768661499 20
1744551951111 0.08030971139669418 21
1744551951135 0.07562491297721863 22
1744551951155 0.05363902449607849 23
1744551951174 0.05617206543684006 24
1744551951192 0.06007848307490349 25
1744551951212 0.058115154504776 26
1744551951232 0.05766458064317703 27
1744551951252 0.058610886335372925 28
1744551951272 0.05238189920783043 29
1744551951291 0.05956490337848663 30
1744551951311 0.055317044258117676 31
1744551951328 0.05621154233813286 32
1744551951351 0.055379655212163925 33
1744551951370 0.052781540900468826 34
1744551951390 0.052199117839336395 35
1744551951411 0.05191083252429962 36
1744551951429 0.05301558971405029 37
1744551951449 0.053637467324733734 38
