1744477844187 0.9674420952796936 0
1744477844213 0.9684543013572693 1
1744477844232 0.9744383692741394 2
1744477844252 0.9714891314506531 3
1744477844270 0.9747886657714844 4
1744477844289 0.9749767780303955 5
1744477844309 0.9722385406494141 6
1744477844329 0.9732707738876343 7
1744477844349 0.9715638756752014 8
1744477844368 0.9758453965187073 9
1744477844387 0.9740270376205444 10
1744477844408 0.9680209755897522 11
1744477844428 0.9703605771064758 12
1744477844447 0.9743211269378662 13
1744477844467 0.9685896635055542 14
1744477844487 0.9703322649002075 15
1744477844507 0.9712589979171753 16
1744477844527 0.9726894497871399 17
1744477844546 0.9728565216064453 18
1744477844566 0.9730191826820374 19
