1744477844181 0.08337324112653732 0
1744477844208 0.07248461991548538 1
1744477844227 0.06510424613952637 2
1744477844247 0.06631135940551758 3
1744477844266 0.06309860944747925 4
1744477844285 0.06377855688333511 5
1744477844304 0.06395972520112991 6
1744477844323 0.06184525787830353 7
1744477844344 0.0637575164437294 8
1744477844363 0.060570914298295975 9
1744477844383 0.06017276644706726 10
1744477844403 0.06279086321592331 11
1744477844424 0.061281464993953705 12
1744477844443 0.05741819366812706 13
1744477844462 0.06307987868785858 14
1744477844482 0.05844806134700775 15
1744477844502 0.05474954470992088 16
1744477844522 0.052125755697488785 17
1744477844541 0.051286112517118454 18
1744477844560 0.05160339176654816 19
