1744531078903 0.9620867371559143 0
1744531078935 0.970136821269989 1
1744531078982 0.9744007587432861 2
1744531079029 0.9784165024757385 3
1744531079060 0.9771673679351807 4
1744531079076 0.9760358929634094 5
1744531079107 0.9773402810096741 6
1744531079138 0.9825363755226135 7
1744531079170 0.9783725738525391 8
1744531079201 0.982976496219635 9
1744531079235 0.976215660572052 10
1744531079264 0.9758234024047852 11
1744531079295 0.9834538102149963 12
1744531079326 0.9840752482414246 13
1744531079358 0.9850488901138306 14
1744531079389 0.9859619736671448 15
1744531079436 0.9867289662361145 16
1744531079483 0.9874593019485474 17
1744531079514 0.987227737903595 18
1744531079545 0.9869223833084106 19
1744531079574 0.980209469795227 20
1744531079605 0.9799065589904785 21
1744531079637 0.980353057384491 22
1744531079652 0.9807922840118408 23
1744531079683 0.9808592200279236 24
1744531079713 0.98086017370224 25
1744531079728 0.9809178113937378 26
1744531079760 0.9809168577194214 27
