1744531078888 0.09116502851247787 0
1744531078935 0.0750431939959526 1
1744531078966 0.06845319271087646 2
1744531079013 0.060222141444683075 3
1744531079045 0.06112236529588699 4
1744531079076 0.06170547008514404 5
1744531079092 0.05928073078393936 6
1744531079123 0.04866928607225418 7
1744531079170 0.05057050287723541 8
1744531079201 0.04314392805099487 9
1744531079232 0.05038848891854286 10
1744531079248 0.05036582052707672 11
1744531079279 0.04241316765546799 12
1744531079311 0.039961740374565125 13
1744531079343 0.03763724863529205 14
1744531079389 0.03616063669323921 15
1744531079436 0.03444357216358185 16
1744531079467 0.03380192816257477 17
1744531079499 0.036190129816532135 18
1744531079530 0.03575888276100159 19
1744531079567 0.042657915502786636 20
1744531079589 0.042462270706892014 21
1744531079635 0.04133983701467514 22
1744531079652 0.04086718335747719 23
1744531079683 0.040493786334991455 24
1744531079710 0.04038434475660324 25
1744531079728 0.040250495076179504 26
1744531079760 0.04021488130092621 27
