1744534614424 0.9506134986877441 0
1744534614445 0.9705765247344971 1
1744534614466 0.9657889008522034 2
1744534614488 0.9652324318885803 3
1744534614508 0.9677059054374695 4
1744534614529 0.9743275046348572 5
1744534614550 0.9743216037750244 6
1744534614572 0.9739586710929871 7
1744534614593 0.967089831829071 8
1744534614613 0.9685867428779602 9
1744534614635 0.9706615209579468 10
1744534614655 0.9691421985626221 11
1744534614675 0.9692599177360535 12
1744534614695 0.9692736268043518 13
1744534614716 0.9693864583969116 14
1744534614735 0.9693669080734253 15
