1744534614418 0.12188764661550522 0
1744534614441 0.07453026622533798 1
1744534614460 0.07325180619955063 2
1744534614482 0.07134078443050385 3
1744534614503 0.06960950046777725 4
1744534614524 0.06768664717674255 5
1744534614544 0.06653562933206558 6
1744534614567 0.06814583390951157 7
1744534614587 0.08814866840839386 8
1744534614607 0.08492369949817657 9
1744534614631 0.07487623393535614 10
1744534614650 0.07807212322950363 11
1744534614670 0.07735934853553772 12
1744534614691 0.07723057270050049 13
1744534614711 0.07615762948989868 14
1744534614732 0.07672098278999329 15
