1744555257839 0.966029703617096 0
1744555257855 0.9743607044219971 1
1744555257871 0.9750378131866455 2
1744555257886 0.9696253538131714 3
1744555257918 0.9696287512779236 4
1744555257943 0.9772201180458069 5
1744555257963 0.9766006469726562 6
1744555257979 0.9741286635398865 7
1744555258005 0.9773983955383301 8
1744555258022 0.9768072962760925 9
1744555258047 0.9805475473403931 10
1744555258058 0.98245769739151 11
1744555258074 0.9837918877601624 12
1744555258105 0.9844909906387329 13
1744555258121 0.9796329736709595 14
1744555258136 0.9812422394752502 15
1744555258168 0.9816833734512329 16
1744555258184 0.9790130257606506 17
1744555258200 0.9791976809501648 18
1744555258237 0.9790863394737244 19
1744555258260 0.9791762232780457 20
1744555258282 0.9801806211471558 21
