1744555257824 0.09954046458005905 0
1744555257855 0.06988377869129181 1
1744555257871 0.06661295890808105 2
1744555257886 0.07300836592912674 3
1744555257902 0.07252048701047897 4
1744555257938 0.06251996010541916 5
1744555257949 0.062242504209280014 6
1744555257979 0.06426389515399933 7
1744555258000 0.05981697142124176 8
1744555258013 0.056433577090501785 9
1744555258041 0.049390099942684174 10
1744555258058 0.04567820578813553 11
1744555258074 0.042456094175577164 12
1744555258090 0.04116171970963478 13
1744555258121 0.048328325152397156 14
1744555258136 0.04576221480965614 15
1744555258152 0.044064223766326904 16
1744555258184 0.04834624007344246 17
1744555258200 0.04614005610346794 18
1744555258229 0.04574648290872574 19
1744555258255 0.044978316873311996 20
1744555258277 0.04396967962384224 21
